G04 -- output software:jlccam pro  *
G04 -- dbname:*
G04 -- stepname:edit*
G04 -- layer:ts*
*
G04 -- format*
%FSLAX26Y26*%
%MOIN*%
*
G04 -- apertures*
G04 A1ts - edit.0.from.i274x.RoundRect.d10+inc0.6x0x00*
%AMA1TS*
4,1,36,
0.011724,-0.018814,
0.013534,-0.018265,
0.015203,-0.017372,
0.016665,-0.016173,
0.017865,-0.014711,
0.018757,-0.013042,
0.019306,-0.011232,
0.019489,-0.009365,
0.019489,0.009365,
0.019306,0.011232,
0.018757,0.013042,
0.017865,0.014711,
0.016665,0.016173,
0.015203,0.017372,
0.013534,0.018265,
0.011724,0.018814,
0.009857,0.018997,
-0.009857,0.018997,
-0.011724,0.018814,
-0.013534,0.018265,
-0.015203,0.017372,
-0.016665,0.016173,
-0.017865,0.014711,
-0.018757,0.013042,
-0.019306,0.011232,
-0.019489,0.009365,
-0.019489,-0.009365,
-0.019306,-0.011232,
-0.018757,-0.013042,
-0.017865,-0.014711,
-0.016665,-0.016173,
-0.015203,-0.017372,
-0.013534,-0.018265,
-0.011724,-0.018814,
-0.009857,-0.018997,
0.009857,-0.018997,
0.011724,-0.018814,
0.000*
%
%ADD10A1TS*%
G04 A2ts - edit.0.from.i274x.RoundRect.d11+inc0.6x0x00*
%AMA2TS*
4,1,36,
0.013693,-0.018814,
0.015503,-0.018265,
0.017171,-0.017372,
0.018633,-0.016173,
0.019833,-0.014711,
0.020725,-0.013042,
0.021274,-0.011232,
0.021458,-0.009365,
0.021458,0.009365,
0.021274,0.011232,
0.020725,0.013042,
0.019833,0.014711,
0.018633,0.016173,
0.017171,0.017372,
0.015503,0.018265,
0.013693,0.018814,
0.011826,0.018997,
-0.011826,0.018997,
-0.013693,0.018814,
-0.015503,0.018265,
-0.017171,0.017372,
-0.018633,0.016173,
-0.019833,0.014711,
-0.020725,0.013042,
-0.021274,0.011232,
-0.021458,0.009365,
-0.021458,-0.009365,
-0.021274,-0.011232,
-0.020725,-0.013042,
-0.019833,-0.014711,
-0.018633,-0.016173,
-0.017171,-0.017372,
-0.015503,-0.018265,
-0.013693,-0.018814,
-0.011826,-0.018997,
0.011826,-0.018997,
0.013693,-0.018814,
0.000*
%
%ADD11A2TS*%
G04 A3ts - edit.0.from.i274x.RoundRect.d18+inc0.6x0x00*
%AMA3TS*
4,1,36,
0.011232,-0.021274,
0.013042,-0.020725,
0.014711,-0.019833,
0.016173,-0.018633,
0.017372,-0.017171,
0.018265,-0.015503,
0.018814,-0.013693,
0.018997,-0.011826,
0.018997,0.011826,
0.018814,0.013693,
0.018265,0.015503,
0.017372,0.017171,
0.016173,0.018633,
0.014711,0.019833,
0.013042,0.020725,
0.011232,0.021274,
0.009365,0.021458,
-0.009365,0.021458,
-0.011232,0.021274,
-0.013042,0.020725,
-0.014711,0.019833,
-0.016173,0.018633,
-0.017372,0.017171,
-0.018265,0.015503,
-0.018814,0.013693,
-0.018997,0.011826,
-0.018997,-0.011826,
-0.018814,-0.013693,
-0.018265,-0.015503,
-0.017372,-0.017171,
-0.016173,-0.018633,
-0.014711,-0.019833,
-0.013042,-0.020725,
-0.011232,-0.021274,
-0.009365,-0.021458,
0.009365,-0.021458,
0.011232,-0.021274,
0.000*
%
%ADD12A3TS*%
%ADD13C,0.079330*%
G04 A4ts - edit.0.from.i274x.FreePoly0.d14+inc0.8x0x00*
%AMA4TS*
4,1,22,
0.029776,0.000417,
0.029776,0.002624,
0.028418,0.007694,
0.025793,0.012239,
0.022082,0.015951,
0.017536,0.018575,
0.012466,0.019933,
0.010259,0.019933,
0.010259,0.020102,
-0.010259,0.020102,
-0.010259,0.019933,
-0.012466,0.019933,
-0.017536,0.018575,
-0.022082,0.015951,
-0.025793,0.012239,
-0.028418,0.007694,
-0.029776,0.002624,
-0.029776,0.000417,
-0.029944,0.000417,
-0.029944,-0.020102,
0.029944,-0.020102,
0.029944,0.000417,
0.029776,0.000417,
0.000*
%
%ADD14A4TS*%
G04 A5ts - edit.0.from.i274x.FreePoly1.d15+inc0.8x0x00*
%AMA5TS*
4,1,22,
0.010259,-0.019933,
0.012466,-0.019933,
0.017536,-0.018575,
0.022082,-0.015951,
0.025793,-0.012239,
0.028418,-0.007694,
0.029776,-0.002624,
0.029776,-0.000417,
0.029944,-0.000417,
0.029944,0.020102,
-0.029944,0.020102,
-0.029944,-0.000417,
-0.029776,-0.000417,
-0.029776,-0.002624,
-0.028418,-0.007694,
-0.025793,-0.012239,
-0.022082,-0.015951,
-0.017536,-0.018575,
-0.012466,-0.019933,
-0.010259,-0.019933,
-0.010259,-0.020102,
0.010259,-0.020102,
0.010259,-0.019933,
0.000*
%
%ADD15A5TS*%
G04 A6ts - edit.0.from.i274x.RoundRect.d16+inc-7.2x0x00*
%AMA6TS*
4,1,11,
0.025670,-0.006316,
0.025934,-0.006142,
0.026026,-0.005728,
0.025934,0.006142,
0.025670,0.006316,
-0.025413,0.006341,
-0.025886,0.006201,
-0.026026,0.005728,
-0.025934,-0.006142,
-0.025670,-0.006316,
0.025413,-0.006341,
0.025670,-0.006316,
0.000*
%
%ADD16A6TS*%
G04 A7ts - edit.0.from.i274x.RoundRect.d17+inc-7.2x0x00*
%AMA7TS*
4,1,13,
0.043388,-0.037812,
0.043656,-0.037632,
0.043742,-0.037224,
0.043742,0.037224,
0.043603,0.037696,
0.043130,0.037837,
-0.043130,0.037837,
-0.043603,0.037696,
-0.043742,0.037224,
-0.043742,-0.037224,
-0.043603,-0.037696,
-0.043130,-0.037837,
0.043130,-0.037837,
0.043388,-0.037812,
0.000*
%
%ADD17A7TS*%
G04 A8ts - edit.0.from.i274x.RoundRect.d19+inc0.6x0x00*
%AMA8TS*
4,1,36,
0.011232,-0.019306,
0.013042,-0.018757,
0.014711,-0.017865,
0.016173,-0.016665,
0.017372,-0.015203,
0.018265,-0.013534,
0.018814,-0.011724,
0.018997,-0.009857,
0.018997,0.009857,
0.018814,0.011724,
0.018265,0.013534,
0.017372,0.015203,
0.016173,0.016665,
0.014711,0.017865,
0.013042,0.018757,
0.011232,0.019306,
0.009365,0.019489,
-0.009365,0.019489,
-0.011232,0.019306,
-0.013042,0.018757,
-0.014711,0.017865,
-0.016173,0.016665,
-0.017372,0.015203,
-0.018265,0.013534,
-0.018814,0.011724,
-0.018997,0.009857,
-0.018997,-0.009857,
-0.018814,-0.011724,
-0.018265,-0.013534,
-0.017372,-0.015203,
-0.016173,-0.016665,
-0.014711,-0.017865,
-0.013042,-0.018757,
-0.011232,-0.019306,
-0.009365,-0.019489,
0.009365,-0.019489,
0.011232,-0.019306,
0.000*
%
%ADD18A8TS*%
G04 A9ts - edit.0.from.i274x.RoundRect.d20+inc0.6x0x00*
%AMA9TS*
4,1,36,
0.012804,-0.023725,
0.014707,-0.023148,
0.016460,-0.022211,
0.017997,-0.020950,
0.019258,-0.019413,
0.020196,-0.017660,
0.020773,-0.015757,
0.020966,-0.013794,
0.020966,0.013794,
0.020773,0.015757,
0.020196,0.017660,
0.019258,0.019413,
0.017997,0.020950,
0.016460,0.022211,
0.014707,0.023148,
0.012804,0.023725,
0.010841,0.023919,
-0.010841,0.023919,
-0.012804,0.023725,
-0.014707,0.023148,
-0.016460,0.022211,
-0.017997,0.020950,
-0.019258,0.019413,
-0.020196,0.017660,
-0.020773,0.015757,
-0.020966,0.013794,
-0.020966,-0.013794,
-0.020773,-0.015757,
-0.020196,-0.017660,
-0.019258,-0.019413,
-0.017997,-0.020950,
-0.016460,-0.022211,
-0.014707,-0.023148,
-0.012804,-0.023725,
-0.010841,-0.023919,
0.010841,-0.023919,
0.012804,-0.023725,
0.000*
%
%ADD19A9TS*%
G04 A10ts - edit.0.from.i274x.RoundRect.d21+inc0.6x0x00*
%AMA10TS*
4,1,36,
0.015757,-0.020773,
0.017660,-0.020196,
0.019413,-0.019258,
0.020950,-0.017997,
0.022211,-0.016460,
0.023148,-0.014707,
0.023725,-0.012804,
0.023919,-0.010841,
0.023919,0.010841,
0.023725,0.012804,
0.023148,0.014707,
0.022211,0.016460,
0.020950,0.017997,
0.019413,0.019258,
0.017660,0.020196,
0.015757,0.020773,
0.013794,0.020966,
-0.013794,0.020966,
-0.015757,0.020773,
-0.017660,0.020196,
-0.019413,0.019258,
-0.020950,0.017997,
-0.022211,0.016460,
-0.023148,0.014707,
-0.023725,0.012804,
-0.023919,0.010841,
-0.023919,-0.010841,
-0.023725,-0.012804,
-0.023148,-0.014707,
-0.022211,-0.016460,
-0.020950,-0.017997,
-0.019413,-0.019258,
-0.017660,-0.020196,
-0.015757,-0.020773,
-0.013794,-0.020966,
0.013794,-0.020966,
0.015757,-0.020773,
0.000*
%
%ADD20A10TS*%
%ADD21R,0.063583X0.063465*%
%ADD22C,0.063582*%
G04 A11ts - edit.0.from.i274x.RoundRect.d25+inc-7.2x0x00*
%AMA11TS*
4,1,13,
0.059134,-0.059465,
0.059404,-0.059286,
0.059490,-0.058878,
0.059490,0.058878,
0.059351,0.059351,
0.058878,0.059490,
-0.058878,0.059490,
-0.059351,0.059351,
-0.059490,0.058878,
-0.059490,-0.058878,
-0.059351,-0.059351,
-0.058878,-0.059490,
0.058878,-0.059490,
0.059134,-0.059465,
0.000*
%
%ADD23A11TS*%
%ADD24R,0.011220X0.033661*%
%ADD25R,0.033661X0.011220*%
G04 A12ts - edit.0.from.i274x.RoundRect.d28+inc-7.2x0x00*
%AMA12TS*
4,1,13,
0.021733,-0.022064,
0.021997,-0.021890,
0.022089,-0.021476,
0.022089,0.021476,
0.021949,0.021949,
0.021476,0.022089,
-0.021476,0.022089,
-0.021949,0.021949,
-0.022089,0.021476,
-0.022089,-0.021476,
-0.021949,-0.021949,
-0.021476,-0.022089,
0.021476,-0.022089,
0.021733,-0.022064,
0.000*
%
%ADD26A12TS*%
%ADD27R,0.059055X0.011811*%
%ADD28C,0.005906*%
%ADD29C,0.053228*%
*
G75*
G90*
*
G54D10*
G04 DEPTH 1*
%LPD*%
D10*
X481300Y106298D03*
X553150D03*
D11*
X918406Y127951D03*
X850493D03*
D12*
X568898Y263778D03*
Y331692D03*
D13*
X92520Y263778D03*
X348426D03*
X92520Y86613D03*
X348426D03*
D11*
X918406Y66928D03*
X850493D03*
D14*
X1232284Y127951D03*
D15*
Y76770D03*
D16*
X263977Y625983D03*
Y606298D03*
Y586613D03*
Y566928D03*
Y547243D03*
Y527558D03*
D17*
X136024Y450786D03*
Y702755D03*
D12*
X564961Y562991D03*
Y495077D03*
D18*
X711221Y191436D03*
Y119585D03*
D19*
X643701Y188975D03*
X553150D03*
D20*
X562993Y724408D03*
Y633857D03*
D21*
X2011811Y696898D03*
D22*
X1911811Y696948D03*
X1811811D03*
X1711811D03*
X1611811D03*
X1511811D03*
X1411811D03*
Y96948D03*
X1511811D03*
X1611811D03*
X1711811D03*
X1811811D03*
X1911811D03*
X2011811D03*
D10*
X920374Y190944D03*
X848524D03*
D23*
X673229Y301573D03*
Y686613D03*
D24*
X1069489Y176573D03*
X1049804D03*
X1030119D03*
X1010433D03*
D25*
X983465Y149605D03*
Y129920D03*
Y110235D03*
Y90550D03*
D24*
X1010433Y63581D03*
X1030119D03*
X1049804D03*
X1069489D03*
D25*
X1096457Y90550D03*
Y110235D03*
Y129920D03*
Y149605D03*
D26*
X1039961Y120077D03*
D27*
X1232282Y102359D03*
D28*
G01*
X0Y791337D02*
X2214567D01*
Y-1D01*
X0D01*
Y791337D01*
D29*
X384905Y689730D03*
X1540378Y236999D03*
G04 DEPTH 0*
M02*