#
#Feature symbol names
#
$0 r5.90551
$1 r4.72441
$2 r5
$3 r7.87402


#
#Feature attribute names
#


#
#Layer features
#
L 0.524935 0.031305 0.511811 0.050053 0 P 0
L 0.502438 0.031305 0.502438 0.070675 0 P 0
L 0.502438 0.070675 0.517436 0.070675 0 P 0
L 0.517436 0.070675 0.521185 0.0688 0 P 0
L 0.521185 0.0688 0.52306 0.066926 0 P 0
L 0.52306 0.066926 0.524935 0.063176 0 P 0
L 0.524935 0.063176 0.524935 0.057552 0 P 0
L 0.524935 0.057552 0.52306 0.053802 0 P 0
L 0.52306 0.053802 0.521185 0.051927 0 P 0
L 0.521185 0.051927 0.517436 0.050053 0 P 0
L 0.517436 0.050053 0.502438 0.050053 0 P 0
L 0.56243 0.031305 0.539933 0.031305 0 P 0
L 0.551181 0.031305 0.551181 0.070675 0 P 0
L 0.551181 0.070675 0.547432 0.065051 0 P 0
L 0.547432 0.065051 0.543682 0.061301 0 P 0
L 0.543682 0.061301 0.539933 0.059427 0 P 0
L 0.773557 0.111826 0.771682 0.109951 0 P 0
L 0.771682 0.109951 0.766058 0.108077 0 P 0
L 0.766058 0.108077 0.762308 0.108077 0 P 0
L 0.762308 0.108077 0.756684 0.109951 0 P 0
L 0.756684 0.109951 0.752934 0.113701 0 P 0
L 0.752934 0.113701 0.75106 0.117451 0 P 0
L 0.75106 0.117451 0.749185 0.12495 0 P 0
L 0.749185 0.12495 0.749185 0.130574 0 P 0
L 0.749185 0.130574 0.75106 0.138073 0 P 0
L 0.75106 0.138073 0.752934 0.141822 0 P 0
L 0.752934 0.141822 0.756684 0.145572 0 P 0
L 0.756684 0.145572 0.762308 0.147447 0 P 0
L 0.762308 0.147447 0.766058 0.147447 0 P 0
L 0.766058 0.147447 0.771682 0.145572 0 P 0
L 0.771682 0.145572 0.773557 0.143697 0 P 0
L 0.788555 0.143697 0.79043 0.145572 0 P 0
L 0.79043 0.145572 0.794179 0.147447 0 P 0
L 0.794179 0.147447 0.803553 0.147447 0 P 0
L 0.803553 0.147447 0.807303 0.145572 0 P 0
L 0.807303 0.145572 0.809177 0.143697 0 P 0
L 0.809177 0.143697 0.811052 0.139948 0 P 0
L 0.811052 0.139948 0.811052 0.136198 0 P 0
L 0.811052 0.136198 0.809177 0.130574 0 P 0
L 0.809177 0.130574 0.78668 0.108077 0 P 0
L 0.78668 0.108077 0.811052 0.108077 0 P 0
L 0.524 0.290681 0.525874 0.288806 0 P 0
L 0.525874 0.288806 0.527749 0.283182 0 P 0
L 0.527749 0.283182 0.527749 0.279433 0 P 0
L 0.527749 0.279433 0.525874 0.273808 0 P 0
L 0.525874 0.273808 0.522125 0.270059 0 P 0
L 0.522125 0.270059 0.518375 0.268184 0 P 0
L 0.518375 0.268184 0.510876 0.266309 0 P 0
L 0.510876 0.266309 0.505252 0.266309 0 P 0
L 0.505252 0.266309 0.497753 0.268184 0 P 0
L 0.497753 0.268184 0.494003 0.270059 0 P 0
L 0.494003 0.270059 0.490254 0.273808 0 P 0
L 0.490254 0.273808 0.488379 0.279433 0 P 0
L 0.488379 0.279433 0.488379 0.283182 0 P 0
L 0.488379 0.283182 0.490254 0.288806 0 P 0
L 0.490254 0.288806 0.492129 0.290681 0 P 0
L 0.501502 0.324427 0.527749 0.324427 0 P 0
L 0.486504 0.315053 0.514626 0.305679 0 P 0
L 0.514626 0.305679 0.514626 0.330051 0 P 0
L 0.167979 0.326487 0.173604 0.324612 0 P 0
L 0.173604 0.324612 0.182978 0.324612 0 P 0
L 0.182978 0.324612 0.186727 0.326487 0 P 0
L 0.186727 0.326487 0.188602 0.328362 0 P 0
L 0.188602 0.328362 0.190477 0.332111 0 P 0
L 0.190477 0.332111 0.190477 0.335861 0 P 0
L 0.190477 0.335861 0.188602 0.33961 0 P 0
L 0.188602 0.33961 0.186727 0.341485 0 P 0
L 0.186727 0.341485 0.182978 0.34336 0 P 0
L 0.182978 0.34336 0.175478 0.345235 0 P 0
L 0.175478 0.345235 0.171729 0.347109 0 P 0
L 0.171729 0.347109 0.169854 0.348984 0 P 0
L 0.169854 0.348984 0.167979 0.352734 0 P 0
L 0.167979 0.352734 0.167979 0.356483 0 P 0
L 0.167979 0.356483 0.169854 0.360233 0 P 0
L 0.169854 0.360233 0.171729 0.362107 0 P 0
L 0.171729 0.362107 0.175478 0.363982 0 P 0
L 0.175478 0.363982 0.184852 0.363982 0 P 0
L 0.184852 0.363982 0.190477 0.362107 0 P 0
L 0.2036 0.363982 0.212974 0.324612 0 P 0
L 0.212974 0.324612 0.220473 0.352734 0 P 0
L 0.220473 0.352734 0.227972 0.324612 0 P 0
L 0.227972 0.324612 0.237346 0.363982 0 P 0
L 0.272966 0.324612 0.250469 0.324612 0 P 0
L 0.261718 0.324612 0.261718 0.363982 0 P 0
L 0.261718 0.363982 0.257968 0.358358 0 P 0
L 0.257968 0.358358 0.254219 0.354608 0 P 0
L 0.254219 0.354608 0.250469 0.352734 0 P 0
L 0.773557 0.048834 0.771682 0.046959 0 P 0
L 0.771682 0.046959 0.766058 0.045085 0 P 0
L 0.766058 0.045085 0.762308 0.045085 0 P 0
L 0.762308 0.045085 0.756684 0.046959 0 P 0
L 0.756684 0.046959 0.752934 0.050709 0 P 0
L 0.752934 0.050709 0.75106 0.054458 0 P 0
L 0.75106 0.054458 0.749185 0.061957 0 P 0
L 0.749185 0.061957 0.749185 0.067582 0 P 0
L 0.749185 0.067582 0.75106 0.075081 0 P 0
L 0.75106 0.075081 0.752934 0.07883 0 P 0
L 0.752934 0.07883 0.756684 0.08258 0 P 0
L 0.756684 0.08258 0.762308 0.084455 0 P 0
L 0.762308 0.084455 0.766058 0.084455 0 P 0
L 0.766058 0.084455 0.771682 0.08258 0 P 0
L 0.771682 0.08258 0.773557 0.080705 0 P 0
L 0.811052 0.045085 0.788555 0.045085 0 P 0
L 0.799804 0.045085 0.799804 0.084455 0 P 0
L 0.799804 0.084455 0.796054 0.07883 0 P 0
L 0.796054 0.07883 0.792304 0.075081 0 P 0
L 0.792304 0.075081 0.788555 0.073206 0 P 0
L 1.13799 0.07349 1.16611 0.07349 0 P 0
L 1.16611 0.07349 1.17173 0.071615 0 P 0
L 1.17173 0.071615 1.17548 0.067865 0 P 0
L 1.17548 0.067865 1.17735 0.062241 0 P 0
L 1.17735 0.062241 1.17735 0.058491 0 P 0
L 1.17735 0.11286 1.17735 0.090362 0 P 0
L 1.17735 0.101611 1.13799 0.101611 0 P 0
L 1.13799 0.101611 1.14361 0.097861 0 P 0
L 1.14361 0.097861 1.14736 0.094112 0 P 0
L 1.14736 0.094112 1.14923 0.090362 0 P 0
L 0.341529 0.533923 0.36965 0.533923 0 P 0
L 0.36965 0.533923 0.375274 0.532048 0 P 0
L 0.375274 0.532048 0.379024 0.528298 0 P 0
L 0.379024 0.528298 0.380899 0.522674 0 P 0
L 0.380899 0.522674 0.380899 0.518924 0 P 0
L 0.345278 0.550795 0.343403 0.55267 0 P 0
L 0.343403 0.55267 0.341529 0.55642 0 P 0
L 0.341529 0.55642 0.341529 0.565794 0 P 0
L 0.341529 0.565794 0.343403 0.569543 0 P 0
L 0.343403 0.569543 0.345278 0.571418 0 P 0
L 0.345278 0.571418 0.349028 0.573293 0 P 0
L 0.349028 0.573293 0.352777 0.573293 0 P 0
L 0.352777 0.573293 0.358402 0.571418 0 P 0
L 0.358402 0.571418 0.380899 0.548921 0 P 0
L 0.380899 0.548921 0.380899 0.573293 0 P 0
L 0.522031 0.524441 0.523906 0.522566 0 P 0
L 0.523906 0.522566 0.525781 0.516942 0 P 0
L 0.525781 0.516942 0.525781 0.513192 0 P 0
L 0.525781 0.513192 0.523906 0.507568 0 P 0
L 0.523906 0.507568 0.520156 0.503819 0 P 0
L 0.520156 0.503819 0.516407 0.501944 0 P 0
L 0.516407 0.501944 0.508908 0.500069 0 P 0
L 0.508908 0.500069 0.503283 0.500069 0 P 0
L 0.503283 0.500069 0.495784 0.501944 0 P 0
L 0.495784 0.501944 0.492035 0.503819 0 P 0
L 0.492035 0.503819 0.488285 0.507568 0 P 0
L 0.488285 0.507568 0.486411 0.513192 0 P 0
L 0.486411 0.513192 0.486411 0.516942 0 P 0
L 0.486411 0.516942 0.488285 0.522566 0 P 0
L 0.488285 0.522566 0.49016 0.524441 0 P 0
L 0.486411 0.537564 0.486411 0.561936 0 P 0
L 0.486411 0.561936 0.501409 0.548813 0 P 0
L 0.501409 0.548813 0.501409 0.554437 0 P 0
L 0.501409 0.554437 0.503283 0.558187 0 P 0
L 0.503283 0.558187 0.505158 0.560062 0 P 0
L 0.505158 0.560062 0.508908 0.561936 0 P 0
L 0.508908 0.561936 0.518282 0.561936 0 P 0
L 0.518282 0.561936 0.522031 0.560062 0 P 0
L 0.522031 0.560062 0.523906 0.558187 0 P 0
L 0.523906 0.558187 0.525781 0.554437 0 P 0
L 0.525781 0.554437 0.525781 0.543189 0 P 0
L 0.525781 0.543189 0.523906 0.539439 0 P 0
L 0.523906 0.539439 0.522031 0.537564 0 P 0
L 0.629856 0.09036 0.616733 0.109108 0 P 0
L 0.607359 0.09036 0.607359 0.12973 0 P 0
L 0.607359 0.12973 0.622357 0.12973 0 P 0
L 0.622357 0.12973 0.626106 0.127855 0 P 0
L 0.626106 0.127855 0.627981 0.125981 0 P 0
L 0.627981 0.125981 0.629856 0.122231 0 P 0
L 0.629856 0.122231 0.629856 0.116607 0 P 0
L 0.629856 0.116607 0.627981 0.112857 0 P 0
L 0.627981 0.112857 0.626106 0.110983 0 P 0
L 0.626106 0.110983 0.622357 0.109108 0 P 0
L 0.622357 0.109108 0.607359 0.109108 0 P 0
L 0.642979 0.12973 0.667351 0.12973 0 P 0
L 0.667351 0.12973 0.654228 0.114732 0 P 0
L 0.654228 0.114732 0.659852 0.114732 0 P 0
L 0.659852 0.114732 0.663602 0.112857 0 P 0
L 0.663602 0.112857 0.665477 0.110983 0 P 0
L 0.665477 0.110983 0.667351 0.107233 0 P 0
L 0.667351 0.107233 0.667351 0.097859 0 P 0
L 0.667351 0.097859 0.665477 0.09411 0 P 0
L 0.665477 0.09411 0.663602 0.092235 0 P 0
L 0.663602 0.092235 0.659852 0.09036 0 P 0
L 0.659852 0.09036 0.648604 0.09036 0 P 0
L 0.648604 0.09036 0.644854 0.092235 0 P 0
L 0.644854 0.092235 0.642979 0.09411 0 P 0
L 0.431759 0.191691 0.418636 0.191691 0 P 0
L 0.418636 0.171069 0.418636 0.210439 0 P 0
L 0.418636 0.210439 0.437383 0.210439 0 P 0
L 0.465505 0.191691 0.471129 0.189816 0 P 0
L 0.471129 0.189816 0.473004 0.187942 0 P 0
L 0.473004 0.187942 0.474879 0.184192 0 P 0
L 0.474879 0.184192 0.474879 0.178568 0 P 0
L 0.474879 0.178568 0.473004 0.174818 0 P 0
L 0.473004 0.174818 0.471129 0.172944 0 P 0
L 0.471129 0.172944 0.467379 0.171069 0 P 0
L 0.467379 0.171069 0.452381 0.171069 0 P 0
L 0.452381 0.171069 0.452381 0.210439 0 P 0
L 0.452381 0.210439 0.465505 0.210439 0 P 0
L 0.465505 0.210439 0.469254 0.208564 0 P 0
L 0.469254 0.208564 0.471129 0.206689 0 P 0
L 0.471129 0.206689 0.473004 0.20294 0 P 0
L 0.473004 0.20294 0.473004 0.19919 0 P 0
L 0.473004 0.19919 0.471129 0.195441 0 P 0
L 0.471129 0.195441 0.469254 0.193566 0 P 0
L 0.469254 0.193566 0.465505 0.191691 0 P 0
L 0.465505 0.191691 0.452381 0.191691 0 P 0
L 0.512374 0.171069 0.489877 0.171069 0 P 0
L 0.501125 0.171069 0.501125 0.210439 0 P 0
L 0.501125 0.210439 0.497376 0.204815 0 P 0
L 0.497376 0.204815 0.493626 0.201065 0 P 0
L 0.493626 0.201065 0.489877 0.19919 0 P 0
L 0.497284 0.660104 0.497284 0.64698 0 P 0
L 0.517907 0.64698 0.478537 0.64698 0 P 0
L 0.478537 0.64698 0.478537 0.665728 0 P 0
L 0.497284 0.693849 0.499159 0.699474 0 P 0
L 0.499159 0.699474 0.501034 0.701349 0 P 0
L 0.501034 0.701349 0.504783 0.703223 0 P 0
L 0.504783 0.703223 0.510408 0.703223 0 P 0
L 0.510408 0.703223 0.514157 0.701349 0 P 0
L 0.514157 0.701349 0.516032 0.699474 0 P 0
L 0.516032 0.699474 0.517907 0.695724 0 P 0
L 0.517907 0.695724 0.517907 0.680726 0 P 0
L 0.517907 0.680726 0.478537 0.680726 0 P 0
L 0.478537 0.680726 0.478537 0.693849 0 P 0
L 0.478537 0.693849 0.480411 0.697599 0 P 0
L 0.480411 0.697599 0.482286 0.699474 0 P 0
L 0.482286 0.699474 0.486036 0.701349 0 P 0
L 0.486036 0.701349 0.489785 0.701349 0 P 0
L 0.489785 0.701349 0.493535 0.699474 0 P 0
L 0.493535 0.699474 0.495409 0.697599 0 P 0
L 0.495409 0.697599 0.497284 0.693849 0 P 0
L 0.497284 0.693849 0.497284 0.680726 0 P 0
L 0.482286 0.718221 0.480411 0.720096 0 P 0
L 0.480411 0.720096 0.478537 0.723846 0 P 0
L 0.478537 0.723846 0.478537 0.73322 0 P 0
L 0.478537 0.73322 0.480411 0.736969 0 P 0
L 0.480411 0.736969 0.482286 0.738844 0 P 0
L 0.482286 0.738844 0.486036 0.740719 0 P 0
L 0.486036 0.740719 0.489785 0.740719 0 P 0
L 0.489785 0.740719 0.495409 0.738844 0 P 0
L 0.495409 0.738844 0.517907 0.716347 0 P 0
L 0.517907 0.716347 0.517907 0.740719 0 P 0
L 2.15176 0.615672 2.18364 0.615672 0 P 0
L 2.18364 0.615672 2.18738 0.617547 0 P 0
L 2.18738 0.617547 2.18926 0.619421 0 P 0
L 2.18926 0.619421 2.19114 0.623171 0 P 0
L 2.19114 0.623171 2.19114 0.63067 0 P 0
L 2.19114 0.63067 2.18926 0.634419 0 P 0
L 2.18926 0.634419 2.18738 0.636294 0 P 0
L 2.18738 0.636294 2.18364 0.638169 0 P 0
L 2.18364 0.638169 2.15176 0.638169 0 P 0
L 2.19114 0.677539 2.19114 0.655042 0 P 0
L 2.19114 0.66629 2.15176 0.66629 0 P 0
L 2.15176 0.66629 2.15739 0.662541 0 P 0
L 2.15739 0.662541 2.16114 0.658791 0 P 0
L 2.16114 0.658791 2.16301 0.655042 0 P 0
L 0.76962 0.171069 0.756496 0.189816 0 P 0
L 0.747123 0.171069 0.747123 0.210439 0 P 0
L 0.747123 0.210439 0.762121 0.210439 0 P 0
L 0.762121 0.210439 0.76587 0.208564 0 P 0
L 0.76587 0.208564 0.767745 0.206689 0 P 0
L 0.767745 0.206689 0.76962 0.20294 0 P 0
L 0.76962 0.20294 0.76962 0.197316 0 P 0
L 0.76962 0.197316 0.767745 0.193566 0 P 0
L 0.767745 0.193566 0.76587 0.191691 0 P 0
L 0.76587 0.191691 0.762121 0.189816 0 P 0
L 0.762121 0.189816 0.747123 0.189816 0 P 0
L 0.784618 0.206689 0.786493 0.208564 0 P 0
L 0.786493 0.208564 0.790242 0.210439 0 P 0
L 0.790242 0.210439 0.799616 0.210439 0 P 0
L 0.799616 0.210439 0.803366 0.208564 0 P 0
L 0.803366 0.208564 0.80524 0.206689 0 P 0
L 0.80524 0.206689 0.807115 0.20294 0 P 0
L 0.807115 0.20294 0.807115 0.19919 0 P 0
L 0.807115 0.19919 0.80524 0.193566 0 P 0
L 0.80524 0.193566 0.782743 0.171069 0 P 0
L 0.782743 0.171069 0.807115 0.171069 0 P 0
L 0.954974 0.468701 0.954974 0.449892 0 P 0
L 0.954974 0.449892 0.915475 0.449892 0 P 0
L 0.953093 0.479986 0.954974 0.485629 0 P 0
L 0.954974 0.485629 0.954974 0.495034 0 P 0
L 0.954974 0.495034 0.953093 0.498795 0 P 0
L 0.953093 0.498795 0.951212 0.500676 0 P 0
L 0.951212 0.500676 0.947451 0.502557 0 P 0
L 0.947451 0.502557 0.943689 0.502557 0 P 0
L 0.943689 0.502557 0.939927 0.500676 0 P 0
L 0.939927 0.500676 0.938046 0.498795 0 P 0
L 0.938046 0.498795 0.936165 0.495034 0 P 0
L 0.936165 0.495034 0.934284 0.48751 0 P 0
L 0.934284 0.48751 0.932403 0.483748 0 P 0
L 0.932403 0.483748 0.930522 0.481867 0 P 0
L 0.930522 0.481867 0.926761 0.479986 0 P 0
L 0.926761 0.479986 0.922999 0.479986 0 P 0
L 0.922999 0.479986 0.919237 0.481867 0 P 0
L 0.919237 0.481867 0.917356 0.483748 0 P 0
L 0.917356 0.483748 0.915475 0.48751 0 P 0
L 0.915475 0.48751 0.915475 0.496915 0 P 0
L 0.915475 0.496915 0.917356 0.502557 0 P 0
L 0.954974 0.540175 0.954974 0.517605 0 P 0
L 0.954974 0.52889 0.915475 0.52889 0 P 0
L 0.915475 0.52889 0.921118 0.525128 0 P 0
L 0.921118 0.525128 0.92488 0.521366 0 P 0
L 0.92488 0.521366 0.926761 0.517605 0 P 0
L 0.685914 0.182761 0.685914 0.212859 0 P 0
L 0.686154 0.74743 0.686154 0.7775 0 P 0
L 0.701189 0.762465 0.671119 0.762465 0 P 0
L 1.12677 0.14077 1.15864 0.14077 0 P 0
L 1.15864 0.14077 1.16239 0.142645 0 P 0
L 1.16239 0.142645 1.16426 0.14452 0 P 0
L 1.16426 0.14452 1.16613 0.148269 0 P 0
L 1.16613 0.148269 1.16613 0.155768 0 P 0
L 1.16613 0.155768 1.16426 0.159518 0 P 0
L 1.16426 0.159518 1.16239 0.161393 0 P 0
L 1.16239 0.161393 1.15864 0.163267 0 P 0
L 1.15864 0.163267 1.12677 0.163267 0 P 0
L 1.13051 0.18014 1.12864 0.182015 0 P 0
L 1.12864 0.182015 1.12677 0.185765 0 P 0
L 1.12677 0.185765 1.12677 0.195138 0 P 0
L 1.12677 0.195138 1.12864 0.198888 0 P 0
L 1.12864 0.198888 1.13051 0.200763 0 P 0
L 1.13051 0.200763 1.13426 0.202637 0 P 0
L 1.13426 0.202637 1.13801 0.202637 0 P 0
L 1.13801 0.202637 1.14364 0.200763 0 P 0
L 1.14364 0.200763 1.16613 0.178265 0 P 0
L 1.16613 0.178265 1.16613 0.202637 0 P 0
L 0.507196 0.126869 0.527253 0.126869 1 P 0
L 0.507196 0.085727 0.527253 0.085727 1 P 0
L 0.890208 0.14803 0.878691 0.14803 1 P 0
L 0.890208 0.107873 0.878691 0.107873 1 P 0
L 0.548819 0.291976 0.548819 0.303493 1 P 0
L 0.588977 0.291976 0.588977 0.303493 1 P 0
L 0.082678 0.204723 0.082678 0.145668 1 P 0
L 0.13189 0.047243 0.309056 0.047243 1 P 0
L 0.309056 0.303148 0.13189 0.303148 1 P 0
L 0.358268 0.145668 0.358268 0.204723 1 P 0
L 0.890208 0.087007 0.878691 0.087007 1 P 0
L 0.890208 0.046849 0.878691 0.046849 1 P 0
L 1.19291 0.074802 1.19291 0.12992 1 P 0
L 1.22047 0.157479 1.24409 0.157479 1 P 0
L 1.24409 0.047243 1.22047 0.047243 1 P 0
L 1.27165 0.12992 1.27165 0.074802 1 P 0
A 1.19291400 0.12992000 1.22047300 0.15747900 1.22047300 0.12992000 1 P 0 Y
A 1.22047300 0.04724300 1.19291400 0.07480200 1.22047300 0.07480200 1 P 0 Y
A 1.24409500 0.15747900 1.27165400 0.12992000 1.24409500 0.12992000 1 P 0 Y
A 1.27165400 0.07480200 1.24409500 0.04724300 1.24409500 0.07480200 1 P 0 Y
L 0.039567 0.720471 0.039567 0.43307 2 P 0
L 0.039567 0.43307 0.078937 0.43307 2 P 0
L 0.078937 0.720471 0.039567 0.720471 2 P 0
L 0.193111 0.43307 0.236418 0.43307 2 P 0
L 0.236418 0.720471 0.193111 0.720471 2 P 0
L 0.236418 0.645668 0.236418 0.720471 2 P 0
L 0.236418 0.43307 0.236418 0.507873 2 P 0
A 0.32165400 0.62598300 0.31378000 0.62598300 0.31771700 0.62598300 3 P 0 Y
A 0.31378000 0.62598300 0.32165400 0.62598300 0.31771700 0.62598300 3 P 0 Y
L 0.544882 0.534793 0.544882 0.523276 1 P 0
L 0.58504 0.534793 0.58504 0.523276 1 P 0
L 0.69065 0.165539 0.69065 0.145482 1 P 0
L 0.731792 0.165539 0.731792 0.145482 1 P 0
L 0.614577 0.211022 0.582274 0.211022 1 P 0
L 0.614577 0.166928 0.582274 0.166928 1 P 0
L 0.540945 0.695284 0.540945 0.662981 1 P 0
L 0.58504 0.695284 0.58504 0.662981 1 P 0
L 1.29843 0.746948 1.29843 0.046948 2 P 0
L 1.29843 0.046948 2.1252 0.046948 2 P 0
L 2.1252 0.746948 1.29843 0.746948 2 P 0
L 2.1252 0.574113 2.1252 0.746948 2 P 0
L 2.1252 0.574113 2.18583 0.574113 2 P 0
L 2.1252 0.046948 2.1252 0.219782 2 P 0
L 2.18583 0.574113 2.18583 0.219782 2 P 0
L 2.18583 0.219782 2.1252 0.219782 2 P 0
A 2.01496100 0.77490000 2.00708700 0.77490000 2.01102400 0.77490000 3 P 0 Y
A 2.00708700 0.77490000 2.01496100 0.77490000 2.01102400 0.77490000 3 P 0 Y
L 0.894478 0.211514 0.874421 0.211514 1 P 0
L 0.894478 0.170373 0.874421 0.170373 1 P 0
L 0.641733 0.375983 0.641733 0.612203 2 P 0
L 0.748032 0.277558 1.23228 0.277558 2 P 0
L 1.23228 0.710629 0.751969 0.710629 2 P 0
L 1.23228 0.277558 1.23228 0.710629 2 P 0
L 0.980906 0.179133 0.980906 0.167518 2 P 0
L 0.980906 0.179133 0.99252 0.179133 2 P 0
L 0.980906 0.061022 0.980906 0.072636 2 P 0
L 0.980906 0.061022 0.99252 0.061022 2 P 0
L 1.09902 0.179133 1.0874 0.179133 2 P 0
L 1.09902 0.179133 1.09902 0.167518 2 P 0
L 1.09902 0.061022 1.0874 0.061022 2 P 0
L 1.09902 0.061022 1.09902 0.072636 2 P 0
A 1.07342600 0.21751800 1.06555200 0.21751800 1.06948900 0.21751800 3 P 0 Y
A 1.06555200 0.21751800 1.07342600 0.21751800 1.06948900 0.21751800 3 P 0 Y
